"x" "y" "z"
0 0 100
1 0 101
2 0 102
3 0 103
4 0 104
5 0 105
6 0 105
7 0 106
8 0 107
9 0 108
10 0 109
11 0 110
12 0 110
13 0 111
14 0 114
15 0 116
16 0 118
17 0 120
18 0 120
19 0 121
20 0 122
21 0 122
22 0 123
23 0 124
24 0 123
25 0 123
26 0 120
27 0 118
28 0 117
29 0 115
30 0 114
31 0 115
32 0 113
33 0 111
34 0 110
35 0 109
36 0 108
37 0 108
38 0 107
39 0 107
40 0 107
41 0 108
42 0 109
43 0 110
44 0 111
45 0 111
46 0 112
47 0 113
48 0 113
49 0 114
50 0 115
51 0 115
52 0 114
53 0 113
54 0 112
55 0 111
56 0 111
57 0 112
58 0 112
59 0 112
60 0 113
61 0 114
62 0 114
63 0 115
64 0 115
65 0 116
66 0 116
67 0 117
68 0 117
69 0 116
70 0 114
71 0 112
72 0 109
73 0 106
74 0 104
75 0 102
76 0 101
77 0 100
78 0 100
79 0 99
80 0 99
81 0 99
82 0 99
83 0 98
84 0 98
85 0 97
86 0 97
0 1 100
1 1 101
2 1 102
3 1 103
4 1 104
5 1 105
6 1 106
7 1 107
8 1 108
9 1 109
10 1 110
11 1 110
12 1 111
13 1 113
14 1 115
15 1 118
16 1 120
17 1 121
18 1 122
19 1 124
20 1 125
21 1 125
22 1 126
23 1 127
24 1 128
25 1 127
26 1 124
27 1 121
28 1 120
29 1 118
30 1 116
31 1 114
32 1 113
33 1 112
34 1 112
35 1 110
36 1 109
37 1 109
38 1 108
39 1 108
40 1 108
41 1 109
42 1 110
43 1 111
44 1 112
45 1 112
46 1 113
47 1 114
48 1 114
49 1 115
50 1 116
51 1 116
52 1 115
53 1 114
54 1 113
55 1 112
56 1 112
57 1 113
58 1 113
59 1 114
60 1 114
61 1 115
62 1 115
63 1 116
64 1 116
65 1 117
66 1 117
67 1 118
68 1 118
69 1 117
70 1 115
71 1 113
72 1 111
73 1 107
74 1 105
75 1 103
76 1 102
77 1 101
78 1 101
79 1 100
80 1 100
81 1 100
82 1 99
83 1 99
84 1 98
85 1 98
86 1 97
0 2 101
1 2 102
2 2 103
3 2 104
4 2 105
5 2 105
6 2 106
7 2 107
8 2 108
9 2 109
10 2 110
11 2 111
12 2 113
13 2 115
14 2 117
15 2 118
16 2 120
17 2 122
18 2 125
19 2 126
20 2 127
21 2 128
22 2 129
23 2 130
24 2 131
25 2 131
26 2 128
27 2 125
28 2 121
29 2 120
30 2 118
31 2 116
32 2 114
33 2 113
34 2 113
35 2 111
36 2 111
37 2 111
38 2 111
39 2 110
40 2 109
41 2 110
42 2 111
43 2 112
44 2 113
45 2 113
46 2 114
47 2 115
48 2 115
49 2 116
50 2 117
51 2 117
52 2 116
53 2 115
54 2 114
55 2 114
56 2 113
57 2 113
58 2 114
59 2 114
60 2 115
61 2 115
62 2 116
63 2 116
64 2 117
65 2 118
66 2 118
67 2 119
68 2 119
69 2 118
70 2 116
71 2 114
72 2 112
73 2 108
74 2 105
75 2 103
76 2 103
77 2 102
78 2 101
79 2 101
80 2 100
81 2 100
82 2 99
83 2 99
84 2 98
85 2 98
86 2 97
0 3 101
1 3 102
2 3 103
3 3 104
4 3 105
5 3 106
6 3 107
7 3 108
8 3 109
9 3 110
10 3 111
11 3 113
12 3 115
13 3 117
14 3 117
15 3 118
16 3 121
17 3 123
18 3 126
19 3 128
20 3 130
21 3 130
22 3 131
23 3 132
24 3 133
25 3 134
26 3 131
27 3 129
28 3 125
29 3 122
30 3 120
31 3 118
32 3 116
33 3 114
34 3 113
35 3 112
36 3 112
37 3 113
38 3 112
39 3 112
40 3 111
41 3 112
42 3 113
43 3 113
44 3 114
45 3 115
46 3 116
47 3 116
48 3 117
49 3 117
50 3 118
51 3 118
52 3 116
53 3 116
54 3 115
55 3 115
56 3 115
57 3 114
58 3 114
59 3 115
60 3 116
61 3 116
62 3 117
63 3 117
64 3 118
65 3 118
66 3 119
67 3 119
68 3 120
69 3 120
70 3 117
71 3 115
72 3 112
73 3 108
74 3 106
75 3 104
76 3 103
77 3 102
78 3 102
79 3 102
80 3 101
81 3 100
82 3 99
83 3 99
84 3 99
85 3 98
86 3 98
0 4 101
1 4 102
2 4 103
3 4 104
4 4 105
5 4 106
6 4 107
7 4 108
8 4 109
9 4 110
10 4 111
11 4 112
12 4 114
13 4 116
14 4 117
15 4 120
16 4 122
17 4 124
18 4 126
19 4 129
20 4 130
21 4 132
22 4 133
23 4 135
24 4 136
25 4 136
26 4 134
27 4 132
28 4 129
29 4 126
30 4 122
31 4 120
32 4 118
33 4 116
34 4 114
35 4 114
36 4 114
37 4 114
38 4 114
39 4 113
40 4 113
41 4 114
42 4 115
43 4 116
44 4 116
45 4 117
46 4 117
47 4 117
48 4 118
49 4 118
50 4 119
51 4 119
52 4 118
53 4 117
54 4 116
55 4 116
56 4 115
57 4 115
58 4 116
59 4 116
60 4 116
61 4 117
62 4 117
63 4 118
64 4 118
65 4 119
66 4 120
67 4 120
68 4 120
69 4 120
70 4 119
71 4 116
72 4 113
73 4 109
74 4 106
75 4 104
76 4 104
77 4 103
78 4 102
79 4 102
80 4 101
81 4 101
82 4 100
83 4 99
84 4 99
85 4 99
86 4 98
0 5 101
1 5 102
2 5 103
3 5 104
4 5 105
5 5 106
6 5 107
7 5 108
8 5 109
9 5 110
10 5 111
11 5 111
12 5 113
13 5 115
14 5 118
15 5 121
16 5 123
17 5 125
18 5 127
19 5 129
20 5 131
21 5 133
22 5 135
23 5 137
24 5 138
25 5 138
26 5 137
27 5 134
28 5 132
29 5 130
30 5 127
31 5 122
32 5 120
33 5 118
34 5 116
35 5 116
36 5 116
37 5 116
38 5 115
39 5 113
40 5 114
41 5 115
42 5 116
43 5 117
44 5 117
45 5 118
46 5 118
47 5 119
48 5 119
49 5 119
50 5 120
51 5 120
52 5 119
53 5 118
54 5 117
55 5 117
56 5 116
57 5 116
58 5 117
59 5 117
60 5 117
61 5 118
62 5 119
63 5 119
64 5 119
65 5 120
66 5 121
67 5 121
68 5 121
69 5 121
70 5 119
71 5 116
72 5 113
73 5 110
74 5 107
75 5 105
76 5 105
77 5 103
78 5 103
79 5 103
80 5 102
81 5 101
82 5 100
83 5 100
84 5 99
85 5 99
86 5 99
0 6 101
1 6 102
2 6 103
3 6 104
4 6 105
5 6 106
6 6 107
7 6 108
8 6 109
9 6 110
10 6 111
11 6 113
12 6 114
13 6 116
14 6 119
15 6 121
16 6 124
17 6 126
18 6 128
19 6 130
20 6 133
21 6 135
22 6 137
23 6 138
24 6 140
25 6 140
26 6 139
27 6 137
28 6 135
29 6 133
30 6 131
31 6 127
32 6 122
33 6 120
34 6 118
35 6 118
36 6 117
37 6 117
38 6 116
39 6 115
40 6 116
41 6 116
42 6 117
43 6 118
44 6 118
45 6 118
46 6 119
47 6 119
48 6 120
49 6 120
50 6 121
51 6 121
52 6 120
53 6 119
54 6 119
55 6 118
56 6 117
57 6 117
58 6 118
59 6 119
60 6 118
61 6 118
62 6 118
63 6 119
64 6 120
65 6 122
66 6 123
67 6 123
68 6 123
69 6 122
70 6 120
71 6 117
72 6 113
73 6 110
74 6 108
75 6 106
76 6 105
77 6 104
78 6 103
79 6 103
80 6 102
81 6 101
82 6 101
83 6 100
84 6 100
85 6 99
86 6 99
0 7 100
1 7 101
2 7 102
3 7 103
4 7 104
5 7 105
6 7 106
7 7 107
8 7 108
9 7 109
10 7 110
11 7 112
12 7 114
13 7 117
14 7 119
15 7 122
16 7 124
17 7 127
18 7 129
19 7 131
20 7 134
21 7 136
22 7 138
23 7 140
24 7 142
25 7 142
26 7 142
27 7 140
28 7 138
29 7 136
30 7 133
31 7 129
32 7 125
33 7 122
34 7 120
35 7 119
36 7 118
37 7 118
38 7 117
39 7 116
40 7 117
41 7 117
42 7 118
43 7 119
44 7 119
45 7 120
46 7 120
47 7 120
48 7 121
49 7 121
50 7 121
51 7 122
52 7 121
53 7 120
54 7 120
55 7 120
56 7 119
57 7 119
58 7 120
59 7 120
60 7 120
61 7 120
62 7 120
63 7 120
64 7 123
65 7 123
66 7 124
67 7 124
68 7 124
69 7 123
70 7 121
71 7 119
72 7 114
73 7 112
74 7 108
75 7 106
76 7 106
77 7 104
78 7 104
79 7 103
80 7 102
81 7 102
82 7 101
83 7 101
84 7 100
85 7 100
86 7 99
0 8 100
1 8 101
2 8 102
3 8 103
4 8 104
5 8 105
6 8 106
7 8 107
8 8 108
9 8 109
10 8 110
11 8 112
12 8 115
13 8 117
14 8 120
15 8 122
16 8 125
17 8 127
18 8 130
19 8 132
20 8 135
21 8 137
22 8 139
23 8 142
24 8 144
25 8 144
26 8 144
27 8 142
28 8 140
29 8 138
30 8 136
31 8 132
32 8 129
33 8 126
34 8 123
35 8 120
36 8 120
37 8 119
38 8 119
39 8 118
40 8 119
41 8 119
42 8 120
43 8 120
44 8 120
45 8 121
46 8 122
47 8 122
48 8 123
49 8 123
50 8 123
51 8 123
52 8 122
53 8 123
54 8 122
55 8 122
56 8 121
57 8 122
58 8 122
59 8 122
60 8 123
61 8 123
62 8 123
63 8 124
64 8 125
65 8 125
66 8 126
67 8 126
68 8 125
69 8 124
70 8 122
71 8 120
72 8 116
73 8 113
74 8 109
75 8 107
76 8 106
77 8 105
78 8 104
79 8 104
80 8 103
81 8 102
82 8 102
83 8 101
84 8 101
85 8 100
86 8 100
0 9 100
1 9 101
2 9 102
3 9 103
4 9 103
5 9 104
6 9 105
7 9 106
8 9 107
9 9 108
10 9 110
11 9 114
12 9 117
13 9 119
14 9 121
15 9 123
16 9 126
17 9 128
18 9 130
19 9 133
20 9 136
21 9 139
22 9 141
23 9 144
24 9 146
25 9 147
26 9 146
27 9 145
28 9 143
29 9 141
30 9 138
31 9 136
32 9 133
33 9 130
34 9 127
35 9 124
36 9 121
37 9 120
38 9 120
39 9 120
40 9 120
41 9 120
42 9 121
43 9 122
44 9 123
45 9 124
46 9 124
47 9 125
48 9 125
49 9 126
50 9 126
51 9 125
52 9 126
53 9 126
54 9 126
55 9 125
56 9 126
57 9 127
58 9 128
59 9 128
60 9 129
61 9 129
62 9 128
63 9 128
64 9 128
65 9 128
66 9 128
67 9 128
68 9 126
69 9 125
70 9 123
71 9 122
72 9 119
73 9 114
74 9 109
75 9 108
76 9 107
77 9 106
78 9 105
79 9 104
80 9 103
81 9 103
82 9 102
83 9 102
84 9 101
85 9 100
86 9 100
0 10 101
1 10 102
2 10 103
3 10 103
4 10 104
5 10 104
6 10 105
7 10 106
8 10 108
9 10 110
10 10 112
11 10 116
12 10 119
13 10 121
14 10 124
15 10 125
16 10 127
17 10 130
18 10 132
19 10 135
20 10 137
21 10 140
22 10 143
23 10 147
24 10 149
25 10 149
26 10 149
27 10 147
28 10 145
29 10 143
30 10 141
31 10 139
32 10 136
33 10 133
34 10 131
35 10 128
36 10 125
37 10 122
38 10 121
39 10 122
40 10 122
41 10 122
42 10 123
43 10 125
44 10 125
45 10 126
46 10 127
47 10 127
48 10 127
49 10 128
50 10 128
51 10 128
52 10 129
53 10 129
54 10 130
55 10 131
56 10 131
57 10 132
58 10 132
59 10 133
60 10 133
61 10 133
62 10 132
63 10 132
64 10 131
65 10 131
66 10 130
67 10 129
68 10 128
69 10 126
70 10 125
71 10 124
72 10 121
73 10 117
74 10 111
75 10 109
76 10 108
77 10 106
78 10 105
79 10 104
80 10 103
81 10 102
82 10 101
83 10 101
84 10 100
85 10 100
86 10 100
0 11 101
1 11 102
2 11 103
3 11 104
4 11 104
5 11 105
6 11 106
7 11 107
8 11 108
9 11 110
10 11 114
11 11 119
12 11 121
13 11 124
14 11 126
15 11 128
16 11 129
17 11 132
18 11 134
19 11 137
20 11 140
21 11 143
22 11 147
23 11 149
24 11 151
25 11 151
26 11 151
27 11 149
28 11 147
29 11 145
30 11 143
31 11 141
32 11 138
33 11 136
34 11 134
35 11 131
36 11 128
37 11 126
38 11 124
39 11 125
40 11 125
41 11 126
42 11 126
43 11 127
44 11 128
45 11 128
46 11 129
47 11 129
48 11 130
49 11 130
50 11 131
51 11 131
52 11 132
53 11 132
54 11 133
55 11 134
56 11 135
57 11 135
58 11 136
59 11 136
60 11 137
61 11 137
62 11 136
63 11 136
64 11 135
65 11 134
66 11 133
67 11 131
68 11 129
69 11 128
70 11 127
71 11 126
72 11 123
73 11 119
74 11 115
75 11 111
76 11 109
77 11 107
78 11 105
79 11 104
80 11 103
81 11 102
82 11 101
83 11 100
84 11 100
85 11 100
86 11 99
0 12 102
1 12 103
2 12 104
3 12 104
4 12 105
5 12 105
6 12 106
7 12 108
8 12 110
9 12 113
10 12 118
11 12 121
12 12 124
13 12 126
14 12 128
15 12 130
16 12 132
17 12 134
18 12 136
19 12 139
20 12 143
21 12 147
22 12 150
23 12 154
24 12 154
25 12 154
26 12 153
27 12 151
28 12 149
29 12 148
30 12 146
31 12 143
32 12 141
33 12 139
34 12 137
35 12 136
36 12 132
37 12 130
38 12 128
39 12 128
40 12 128
41 12 129
42 12 129
43 12 130
44 12 130
45 12 131
46 12 132
47 12 132
48 12 132
49 12 133
50 12 134
51 12 134
52 12 135
53 12 135
54 12 136
55 12 137
56 12 138
57 12 139
58 12 139
59 12 140
60 12 140
61 12 140
62 12 139
63 12 139
64 12 138
65 12 137
66 12 137
67 12 135
68 12 132
69 12 130
70 12 129
71 12 127
72 12 124
73 12 120
74 12 116
75 12 112
76 12 109
77 12 106
78 12 105
79 12 103
80 12 102
81 12 101
82 12 101
83 12 100
84 12 99
85 12 99
86 12 99
0 13 102
1 13 103
2 13 104
3 13 104
4 13 105
5 13 106
6 13 107
7 13 108
8 13 111
9 13 116
10 13 121
11 13 124
12 13 126
13 13 128
14 13 131
15 13 134
16 13 135
17 13 137
18 13 139
19 13 143
20 13 147
21 13 152
22 13 156
23 13 157
24 13 157
25 13 157
26 13 156
27 13 155
28 13 153
29 13 151
30 13 148
31 13 146
32 13 143
33 13 142
34 13 141
35 13 140
36 13 138
37 13 135
38 13 133
39 13 132
40 13 132
41 13 133
42 13 133
43 13 133
44 13 134
45 13 135
46 13 135
47 13 135
48 13 135
49 13 136
50 13 136
51 13 137
52 13 137
53 13 138
54 13 138
55 13 139
56 13 140
57 13 141
58 13 141
59 13 142
60 13 142
61 13 143
62 13 142
63 13 142
64 13 141
65 13 141
66 13 140
67 13 139
68 13 137
69 13 134
70 13 133
71 13 129
72 13 125
73 13 121
74 13 114
75 13 110
76 13 107
77 13 106
78 13 106
79 13 104
80 13 103
81 13 102
82 13 101
83 13 100
84 13 99
85 13 99
86 13 99
0 14 102
1 14 103
2 14 104
3 14 105
4 14 105
5 14 106
6 14 108
7 14 110
8 14 113
9 14 118
10 14 123
11 14 127
12 14 129
13 14 132
14 14 137
15 14 141
16 14 142
17 14 142
18 14 145
19 14 150
20 14 154
21 14 157
22 14 161
23 14 161
24 14 160
25 14 160
26 14 160
27 14 159
28 14 157
29 14 154
30 14 151
31 14 148
32 14 146
33 14 145
34 14 143
35 14 142
36 14 142
37 14 139
38 14 137
39 14 136
40 14 137
41 14 137
42 14 138
43 14 138
44 14 139
45 14 139
46 14 139
47 14 139
48 14 139
49 14 139
50 14 139
51 14 139
52 14 140
53 14 140
54 14 141
55 14 142
56 14 142
57 14 143
58 14 144
59 14 144
60 14 144
61 14 145
62 14 145
63 14 145
64 14 145
65 14 145
66 14 144
67 14 142
68 14 140
69 14 139
70 14 136
71 14 129
72 14 124
73 14 119
74 14 113
75 14 109
76 14 106
77 14 106
78 14 105
79 14 104
80 14 103
81 14 102
82 14 101
83 14 101
84 14 100
85 14 99
86 14 99
0 15 102
1 15 103
2 15 104
3 15 105
4 15 106
5 15 107
6 15 109
7 15 113
8 15 116
9 15 120
10 15 125
11 15 129
12 15 133
13 15 137
14 15 143
15 15 147
16 15 149
17 15 151
18 15 152
19 15 154
20 15 158
21 15 161
22 15 164
23 15 165
24 15 164
25 15 164
26 15 163
27 15 163
28 15 160
29 15 157
30 15 154
31 15 151
32 15 149
33 15 147
34 15 145
35 15 145
36 15 144
37 15 143
38 15 141
39 15 140
40 15 141
41 15 141
42 15 141
43 15 141
44 15 141
45 15 142
46 15 142
47 15 142
48 15 142
49 15 142
50 15 142
51 15 142
52 15 143
53 15 143
54 15 143
55 15 144
56 15 144
57 15 145
58 15 146
59 15 146
60 15 146
61 15 147
62 15 148
63 15 148
64 15 148
65 15 148
66 15 145
67 15 143
68 15 142
69 15 140
70 15 134
71 15 128
72 15 123
73 15 117
74 15 112
75 15 108
76 15 106
77 15 105
78 15 105
79 15 104
80 15 104
81 15 103
82 15 102
83 15 101
84 15 100
85 15 100
86 15 99
0 16 103
1 16 104
2 16 105
3 16 106
4 16 107
5 16 109
6 16 111
7 16 115
8 16 118
9 16 122
10 16 127
11 16 133
12 16 140
13 16 143
14 16 150
15 16 152
16 16 153
17 16 155
18 16 157
19 16 159
20 16 162
21 16 164
22 16 167
23 16 168
24 16 168
25 16 168
26 16 167
27 16 166
28 16 163
29 16 160
30 16 157
31 16 153
32 16 150
33 16 148
34 16 148
35 16 147
36 16 147
37 16 147
38 16 145
39 16 145
40 16 144
41 16 143
42 16 143
43 16 143
44 16 144
45 16 144
46 16 144
47 16 144
48 16 145
49 16 145
50 16 145
51 16 145
52 16 146
53 16 146
54 16 146
55 16 146
56 16 146
57 16 147
58 16 147
59 16 148
60 16 149
61 16 150
62 16 150
63 16 150
64 16 150
65 16 149
66 16 147
67 16 145
68 16 143
69 16 141
70 16 134
71 16 127
72 16 123
73 16 117
74 16 111
75 16 108
76 16 105
77 16 105
78 16 104
79 16 104
80 16 103
81 16 103
82 16 102
83 16 101
84 16 100
85 16 100
86 16 100
0 17 104
1 17 105
2 17 106
3 17 107
4 17 108
5 17 110
6 17 113
7 17 117
8 17 120
9 17 125
10 17 129
11 17 138
12 17 145
13 17 151
14 17 156
15 17 156
16 17 157
17 17 158
18 17 160
19 17 164
20 17 166
21 17 168
22 17 170
23 17 171
24 17 172
25 17 171
26 17 171
27 17 169
28 17 166
29 17 163
30 17 160
31 17 156
32 17 153
33 17 151
34 17 150
35 17 150
36 17 149
37 17 149
38 17 149
39 17 148
40 17 146
41 17 146
42 17 146
43 17 146
44 17 146
45 17 146
46 17 146
47 17 147
48 17 148
49 17 148
50 17 149
51 17 149
52 17 149
53 17 148
54 17 148
55 17 148
56 17 148
57 17 149
58 17 149
59 17 150
60 17 150
61 17 150
62 17 150
63 17 150
64 17 150
65 17 150
66 17 148
67 17 146
68 17 143
69 17 141
70 17 136
71 17 129
72 17 123
73 17 117
74 17 110
75 17 108
76 17 105
77 17 104
78 17 103
79 17 102
80 17 102
81 17 101
82 17 101
83 17 100
84 17 100
85 17 100
86 17 100
0 18 103
1 18 104
2 18 105
3 18 106
4 18 108
5 18 110
6 18 114
7 18 118
8 18 123
9 18 127
10 18 133
11 18 143
12 18 150
13 18 156
14 18 160
15 18 160
16 18 161
17 18 162
18 18 167
19 18 170
20 18 171
21 18 172
22 18 173
23 18 175
24 18 175
25 18 174
26 18 174
27 18 173
28 18 171
29 18 168
30 18 164
31 18 160
32 18 156
33 18 155
34 18 154
35 18 153
36 18 153
37 18 152
38 18 152
39 18 150
40 18 149
41 18 148
42 18 148
43 18 148
44 18 148
45 18 148
46 18 149
47 18 149
48 18 150
49 18 152
50 18 152
51 18 152
52 18 152
53 18 151
54 18 150
55 18 150
56 18 150
57 18 150
58 18 150
59 18 150
60 18 150
61 18 150
62 18 150
63 18 150
64 18 150
65 18 150
66 18 149
67 18 147
68 18 144
69 18 141
70 18 138
71 18 132
72 18 125
73 18 118
74 18 111
75 18 108
76 18 105
77 18 103
78 18 102
79 18 101
80 18 101
81 18 101
82 18 100
83 18 100
84 18 100
85 18 100
86 18 100
0 19 102
1 19 103
2 19 104
3 19 106
4 19 108
5 19 112
6 19 116
7 19 120
8 19 125
9 19 129
10 19 137
11 19 146
12 19 154
13 19 161
14 19 163
15 19 165
16 19 166
17 19 169
18 19 172
19 19 173
20 19 174
21 19 175
22 19 177
23 19 178
24 19 178
25 19 178
26 19 178
27 19 177
28 19 174
29 19 171
30 19 168
31 19 164
32 19 160
33 19 158
34 19 157
35 19 157
36 19 156
37 19 156
38 19 156
39 19 155
40 19 152
41 19 151
42 19 150
43 19 150
44 19 151
45 19 151
46 19 152
47 19 154
48 19 156
49 19 157
50 19 157
51 19 156
52 19 155
53 19 153
54 19 152
55 19 152
56 19 151
57 19 150
58 19 150
59 19 150
60 19 150
61 19 150
62 19 150
63 19 150
64 19 150
65 19 150
66 19 150
67 19 147
68 19 144
69 19 141
70 19 138
71 19 133
72 19 127
73 19 120
74 19 113
75 19 109
76 19 106
77 19 103
78 19 101
79 19 101
80 19 101
81 19 100
82 19 100
83 19 100
84 19 100
85 19 100
86 19 100
0 20 101
1 20 102
2 20 104
3 20 106
4 20 109
5 20 113
6 20 118
7 20 122
8 20 127
9 20 133
10 20 141
11 20 149
12 20 155
13 20 161
14 20 165
15 20 168
16 20 170
17 20 172
18 20 175
19 20 176
20 20 177
21 20 179
22 20 181
23 20 181
24 20 181
25 20 180
26 20 180
27 20 179
28 20 177
29 20 174
30 20 171
31 20 167
32 20 165
33 20 163
34 20 161
35 20 160
36 20 160
37 20 160
38 20 160
39 20 160
40 20 157
41 20 155
42 20 155
43 20 154
44 20 154
45 20 155
46 20 157
47 20 159
48 20 161
49 20 161
50 20 161
51 20 159
52 20 156
53 20 154
54 20 154
55 20 153
56 20 151
57 20 150
58 20 150
59 20 150
60 20 150
61 20 150
62 20 150
63 20 150
64 20 150
65 20 150
66 20 149
67 20 147
68 20 144
69 20 141
70 20 137
71 20 133
72 20 129
73 20 123
74 20 116
75 20 110
76 20 107
77 20 104
78 20 102
79 20 102
80 20 101
81 20 101
82 20 101
83 20 100
84 20 100
85 20 100
86 20 100
0 21 101
1 21 102
2 21 105
3 21 107
4 21 110
5 21 115
6 21 120
7 21 124
8 21 129
9 21 136
10 21 143
11 21 149
12 21 155
13 21 162
14 21 168
15 21 170
16 21 174
17 21 176
18 21 178
19 21 179
20 21 181
21 21 182
22 21 184
23 21 184
24 21 183
25 21 181
26 21 180
27 21 180
28 21 179
29 21 177
30 21 174
31 21 172
32 21 170
33 21 168
34 21 166
35 21 165
36 21 164
37 21 164
38 21 164
39 21 164
40 21 162
41 21 160
42 21 159
43 21 159
44 21 158
45 21 160
46 21 162
47 21 164
48 21 166
49 21 166
50 21 163
51 21 159
52 21 157
53 21 156
54 21 155
55 21 153
56 21 151
57 21 150
58 21 150
59 21 150
60 21 150
61 21 150
62 21 150
63 21 150
64 21 150
65 21 150
66 21 149
67 21 146
68 21 143
69 21 140
70 21 137
71 21 133
72 21 129
73 21 124
74 21 119
75 21 112
76 21 108
77 21 105
78 21 103
79 21 103
80 21 102
81 21 101
82 21 101
83 21 101
84 21 101
85 21 100
86 21 100
0 22 102
1 22 103
2 22 106
3 22 108
4 22 112
5 22 116
6 22 121
7 22 125
8 22 130
9 22 138
10 22 145
11 22 151
12 22 157
13 22 163
14 22 170
15 22 174
16 22 178
17 22 181
18 22 181
19 22 184
20 22 186
21 22 186
22 22 187
23 22 186
24 22 184
25 22 181
26 22 180
27 22 180
28 22 180
29 22 179
30 22 178
31 22 174
32 22 173
33 22 173
34 22 171
35 22 170
36 22 170
37 22 169
38 22 168
39 22 167
40 22 166
41 22 164
42 22 163
43 22 162
44 22 161
45 22 164
46 22 167
47 22 169
48 22 170
49 22 168
50 22 164
51 22 160
52 22 158
53 22 157
54 22 155
55 22 153
56 22 151
57 22 150
58 22 150
59 22 150
60 22 150
61 22 150
62 22 150
63 22 150
64 22 150
65 22 150
66 22 147
67 22 144
68 22 141
69 22 138
70 22 135
71 22 133
72 22 128
73 22 125
74 22 122
75 22 116
76 22 109
77 22 107
78 22 104
79 22 104
80 22 103
81 22 102
82 22 101
83 22 101
84 22 101
85 22 101
86 22 101
0 23 103
1 23 105
2 23 107
3 23 110
4 23 114
5 23 118
6 23 122
7 23 127
8 23 132
9 23 140
10 23 146
11 23 153
12 23 159
13 23 165
14 23 171
15 23 176
16 23 180
17 23 183
18 23 185
19 23 186
20 23 189
21 23 190
22 23 188
23 23 187
24 23 184
25 23 182
26 23 180
27 23 180
28 23 180
29 23 179
30 23 178
31 23 176
32 23 176
33 23 176
34 23 176
35 23 174
36 23 174
37 23 173
38 23 172
39 23 170
40 23 168
41 23 167
42 23 165
43 23 163
44 23 164
45 23 165
46 23 169
47 23 170
48 23 170
49 23 170
50 23 166
51 23 162
52 23 159
53 23 157
54 23 155
55 23 153
56 23 151
57 23 150
58 23 150
59 23 150
60 23 150
61 23 150
62 23 150
63 23 150
64 23 150
65 23 150
66 23 146
67 23 142
68 23 139
69 23 136
70 23 133
71 23 131
72 23 128
73 23 125
74 23 122
75 23 117
76 23 110
77 23 108
78 23 106
79 23 105
80 23 104
81 23 103
82 23 103
83 23 101
84 23 101
85 23 101
86 23 101
0 24 104
1 24 106
2 24 108
3 24 111
4 24 115
5 24 119
6 24 123
7 24 128
8 24 134
9 24 141
10 24 148
11 24 154
12 24 161
13 24 166
14 24 172
15 24 179
16 24 182
17 24 184
18 24 186
19 24 189
20 24 190
21 24 190
22 24 190
23 24 187
24 24 185
25 24 183
26 24 180
27 24 180
28 24 180
29 24 179
30 24 179
31 24 177
32 24 176
33 24 177
34 24 178
35 24 178
36 24 178
37 24 177
38 24 176
39 24 174
40 24 171
41 24 168
42 24 166
43 24 164
44 24 166
45 24 168
46 24 170
47 24 170
48 24 170
49 24 170
50 24 168
51 24 162
52 24 159
53 24 157
54 24 155
55 24 153
56 24 151
57 24 150
58 24 150
59 24 150
60 24 150
61 24 150
62 24 150
63 24 150
64 24 150
65 24 148
66 24 144
67 24 140
68 24 137
69 24 134
70 24 132
71 24 129
72 24 127
73 24 125
74 24 122
75 24 117
76 24 111
77 24 110
78 24 107
79 24 107
80 24 106
81 24 105
82 24 104
83 24 103
84 24 102
85 24 101
86 24 100
0 25 104
1 25 106
2 25 110
3 25 114
4 25 118
5 25 121
6 25 125
7 25 129
8 25 135
9 25 142
10 25 150
11 25 157
12 25 162
13 25 167
14 25 173
15 25 180
16 25 183
17 25 186
18 25 188
19 25 190
20 25 190
21 25 190
22 25 189
23 25 184
24 25 183
25 25 181
26 25 180
27 25 179
28 25 179
29 25 176
30 25 177
31 25 176
32 25 176
33 25 177
34 25 178
35 25 179
36 25 180
37 25 180
38 25 179
39 25 177
40 25 173
41 25 169
42 25 167
43 25 166
44 25 167
45 25 169
46 25 170
47 25 170
48 25 170
49 25 170
50 25 167
51 25 161
52 25 159
53 25 157
54 25 155
55 25 153
56 25 151
57 25 150
58 25 150
59 25 150
60 25 150
61 25 150
62 25 150
63 25 149
64 25 147
65 25 145
66 25 141
67 25 138
68 25 135
69 25 133
70 25 130
71 25 127
72 25 125
73 25 123
74 25 121
75 25 118
76 25 113
77 25 111
78 25 110
79 25 110
80 25 109
81 25 109
82 25 107
83 25 106
84 25 105
85 25 103
86 25 100
0 26 105
1 26 107
2 26 111
3 26 117
4 26 121
5 26 124
6 26 127
7 26 131
8 26 137
9 26 148
10 26 154
11 26 159
12 26 164
13 26 168
14 26 174
15 26 181
16 26 184
17 26 187
18 26 190
19 26 191
20 26 191
21 26 190
22 26 187
23 26 184
24 26 180
25 26 178
26 26 175
27 26 174
28 26 172
29 26 171
30 26 173
31 26 173
32 26 173
33 26 176
34 26 178
35 26 179
36 26 180
37 26 180
38 26 180
39 26 179
40 26 175
41 26 170
42 26 168
43 26 166
44 26 168
45 26 169
46 26 170
47 26 170
48 26 170
49 26 170
50 26 166
51 26 161
52 26 158
53 26 156
54 26 154
55 26 153
56 26 151
57 26 150
58 26 150
59 26 150
60 26 150
61 26 148
62 26 147
63 26 146
64 26 145
65 26 143
66 26 139
67 26 135
68 26 133
69 26 131
70 26 129
71 26 126
72 26 124
73 26 121
74 26 120
75 26 118
76 26 114
77 26 111
78 26 111
79 26 111
80 26 110
81 26 110
82 26 109
83 26 107
84 26 106
85 26 104
86 26 100
0 27 107
1 27 109
2 27 113
3 27 118
4 27 122
5 27 126
6 27 129
7 27 134
8 27 139
9 27 150
10 27 156
11 27 160
12 27 165
13 27 170
14 27 175
15 27 181
16 27 184
17 27 188
18 27 191
19 27 192
20 27 192
21 27 189
22 27 185
23 27 181
24 27 177
25 27 173
26 27 171
27 27 169
28 27 168
29 27 167
30 27 169
31 27 170
32 27 172
33 27 174
34 27 176
35 27 178
36 27 179
37 27 180
38 27 180
39 27 179
40 27 175
41 27 170
42 27 168
43 27 166
44 27 166
45 27 168
46 27 168
47 27 170
48 27 170
49 27 168
50 27 164
51 27 160
52 27 158
53 27 155
54 27 152
55 27 151
56 27 150
57 27 149
58 27 149
59 27 148
60 27 147
61 27 145
62 27 144
63 27 143
64 27 142
65 27 141
66 27 136
67 27 133
68 27 130
69 27 129
70 27 127
71 27 125
72 27 123
73 27 120
74 27 119
75 27 118
76 27 115
77 27 112
78 27 111
79 27 111
80 27 111
81 27 110
82 27 109
83 27 109
84 27 109
85 27 105
86 27 100
0 28 107
1 28 110
2 28 114
3 28 117
4 28 121
5 28 126
6 28 130
7 28 135
8 28 142
9 28 151
10 28 159
11 28 163
12 28 167
13 28 171
14 28 177
15 28 182
16 28 185
17 28 189
18 28 192
19 28 193
20 28 191
21 28 187
22 28 183
23 28 179
24 28 174
25 28 169
26 28 167
27 28 166
28 28 164
29 28 164
30 28 165
31 28 166
32 28 169
33 28 171
34 28 174
35 28 178
36 28 179
37 28 180
38 28 180
39 28 178
40 28 173
41 28 169
42 28 166
43 28 165
44 28 165
45 28 166
46 28 165
47 28 168
48 28 169
49 28 166
50 28 163
51 28 159
52 28 157
53 28 154
54 28 152
55 28 149
56 28 148
57 28 147
58 28 146
59 28 145
60 28 143
61 28 142
62 28 141
63 28 140
64 28 139
65 28 138
66 28 133
67 28 130
68 28 128
69 28 127
70 28 125
71 28 124
72 28 122
73 28 120
74 28 118
75 28 117
76 28 115
77 28 112
78 28 111
79 28 111
80 28 111
81 28 111
82 28 110
83 28 109
84 28 108
85 28 106
86 28 100
0 29 107
1 29 110
2 29 115
3 29 119
4 29 123
5 29 129
6 29 135
7 29 141
8 29 146
9 29 156
10 29 161
11 29 165
12 29 168
13 29 173
14 29 179
15 29 182
16 29 186
17 29 189
18 29 193
19 29 194
20 29 191
21 29 184
22 29 179
23 29 175
24 29 170
25 29 166
26 29 162
27 29 161
28 29 160
29 29 160
30 29 161
31 29 162
32 29 165
33 29 169
34 29 172
35 29 176
36 29 178
37 29 179
38 29 179
39 29 176
40 29 172
41 29 168
42 29 165
43 29 163
44 29 163
45 29 163
46 29 163
47 29 165
48 29 166
49 29 164
50 29 161
51 29 158
52 29 155
53 29 152
54 29 150
55 29 147
56 29 146
57 29 144
58 29 143
59 29 142
60 29 141
61 29 139
62 29 139
63 29 138
64 29 137
65 29 135
66 29 131
67 29 128
68 29 127
69 29 125
70 29 124
71 29 122
72 29 121
73 29 119
74 29 118
75 29 116
76 29 115
77 29 113
78 29 112
79 29 111
80 29 111
81 29 110
82 29 110
83 29 109
84 29 109
85 29 105
86 29 100
0 30 108
1 30 110
2 30 114
3 30 120
4 30 128
5 30 134
6 30 140
7 30 146
8 30 152
9 30 158
10 30 162
11 30 166
12 30 169
13 30 175
14 30 180
15 30 183
16 30 186
17 30 189
18 30 193
19 30 195
20 30 190
21 30 184
22 30 176
23 30 171
24 30 167
25 30 163
26 30 160
27 30 158
28 30 157
29 30 156
30 30 157
31 30 159
32 30 163
33 30 166
34 30 170
35 30 174
36 30 176
37 30 178
38 30 178
39 30 176
40 30 172
41 30 167
42 30 164
43 30 161
44 30 161
45 30 160
46 30 161
47 30 163
48 30 163
49 30 163
50 30 160
51 30 157
52 30 153
53 30 150
54 30 148
55 30 146
56 30 144
57 30 142
58 30 141
59 30 140
60 30 139
61 30 138
62 30 136
63 30 135
64 30 134
65 30 133
66 30 129
67 30 127
68 30 126
69 30 124
70 30 122
71 30 121
72 30 119
73 30 118
74 30 117
75 30 116
76 30 114
77 30 113
78 30 112
79 30 111
80 30 110
81 30 110
82 30 109
83 30 109
84 30 107
85 30 104
86 30 100
0 31 108
1 31 110
2 31 115
3 31 121
4 31 131
5 31 137
6 31 142
7 31 147
8 31 152
9 31 159
10 31 163
11 31 167
12 31 170
13 31 177
14 31 182
15 31 184
16 31 187
17 31 189
18 31 192
19 31 194
20 31 189
21 31 183
22 31 174
23 31 169
24 31 165
25 31 161
26 31 158
27 31 156
28 31 154
29 31 153
30 31 154
31 31 157
32 31 160
33 31 164
34 31 167
35 31 171
36 31 172
37 31 174
38 31 174
39 31 173
40 31 171
41 31 168
42 31 161
43 31 159
44 31 158
45 31 158
46 31 159
47 31 161
48 31 161
49 31 160
50 31 158
51 31 155
52 31 151
53 31 149
54 31 147
55 31 144
56 31 142
57 31 141
58 31 140
59 31 138
60 31 137
61 31 136
62 31 135
63 31 134
64 31 132
65 31 130
66 31 128
67 31 126
68 31 125
69 31 123
70 31 121
71 31 119
72 31 118
73 31 117
74 31 116
75 31 115
76 31 113
77 31 112
78 31 112
79 31 111
80 31 110
81 31 109
82 31 108
83 31 107
84 31 105
85 31 101
86 31 100
0 32 110
1 32 111
2 32 116
3 32 122
4 32 129
5 32 137
6 32 142
7 32 146
8 32 151
9 32 158
10 32 164
11 32 168
12 32 172
13 32 179
14 32 183
15 32 186
16 32 189
17 32 190
18 32 192
19 32 193
20 32 188
21 32 182
22 32 174
23 32 168
24 32 164
25 32 161
26 32 157
27 32 154
28 32 151
29 32 149
30 32 151
31 32 154
32 32 158
33 32 161
34 32 167
35 32 170
36 32 170
37 32 170
38 32 170
39 32 169
40 32 168
41 32 166
42 32 160
43 32 157
44 32 156
45 32 156
46 32 157
47 32 158
48 32 159
49 32 159
50 32 156
51 32 153
52 32 150
53 32 148
54 32 146
55 32 144
56 32 141
57 32 140
58 32 140
59 32 138
60 32 136
61 32 135
62 32 134
63 32 133
64 32 131
65 32 129
66 32 127
67 32 125
68 32 123
69 32 122
70 32 120
71 32 118
72 32 117
73 32 116
74 32 115
75 32 114
76 32 112
77 32 111
78 32 110
79 32 108
80 32 107
81 32 106
82 32 105
83 32 104
84 32 102
85 32 100
86 32 100
0 33 110
1 33 112
2 33 118
3 33 124
4 33 130
5 33 136
6 33 142
7 33 146
8 33 151
9 33 157
10 33 163
11 33 168
12 33 174
13 33 178
14 33 183
15 33 187
16 33 189
17 33 190
18 33 191
19 33 192
20 33 189
21 33 182
22 33 174
23 33 168
24 33 164
25 33 160
26 33 157
27 33 153
28 33 149
29 33 148
30 33 149
31 33 153
32 33 157
33 33 161
34 33 167
35 33 170
36 33 170
37 33 170
38 33 168
39 33 166
40 33 165
41 33 163
42 33 159
43 33 156
44 33 154
45 33 153
46 33 155
47 33 155
48 33 155
49 33 155
50 33 152
51 33 150
52 33 149
53 33 147
54 33 145
55 33 143
56 33 141
57 33 140
58 33 139
59 33 138
60 33 136
61 33 134
62 33 133
63 33 131
64 33 130
65 33 128
66 33 126
67 33 124
68 33 122
69 33 120
70 33 119
71 33 117
72 33 116
73 33 115
74 33 114
75 33 113
76 33 111
77 33 110
78 33 107
79 33 106
80 33 105
81 33 105
82 33 102
83 33 101
84 33 100
85 33 100
86 33 100
0 34 110
1 34 113
2 34 119
3 34 125
4 34 131
5 34 136
6 34 141
7 34 145
8 34 150
9 34 158
10 34 164
11 34 168
12 34 172
13 34 177
14 34 183
15 34 187
16 34 189
17 34 191
18 34 192
19 34 191
20 34 190
21 34 183
22 34 174
23 34 168
24 34 164
25 34 160
26 34 157
27 34 153
28 34 150
29 34 149
30 34 150
31 34 154
32 34 158
33 34 162
34 34 166
35 34 170
36 34 170
37 34 168
38 34 166
39 34 164
40 34 162
41 34 160
42 34 158
43 34 155
44 34 152
45 34 151
46 34 151
47 34 151
48 34 151
49 34 151
50 34 149
51 34 148
52 34 147
53 34 146
54 34 145
55 34 143
56 34 142
57 34 140
58 34 139
59 34 137
60 34 135
61 34 134
62 34 132
63 34 131
64 34 129
65 34 127
66 34 125
67 34 123
68 34 121
69 34 119
70 34 117
71 34 116
72 34 114
73 34 114
74 34 113
75 34 112
76 34 110
77 34 108
78 34 107
79 34 105
80 34 103
81 34 100
82 34 100
83 34 100
84 34 100
85 34 99
86 34 99
0 35 110
1 35 114
2 35 119
3 35 126
4 35 131
5 35 135
6 35 140
7 35 144
8 35 149
9 35 158
10 35 164
11 35 168
12 35 172
13 35 176
14 35 183
15 35 184
16 35 189
17 35 190
18 35 191
19 35 191
20 35 190
21 35 183
22 35 174
23 35 169
24 35 165
25 35 161
26 35 158
27 35 154
28 35 150
29 35 151
30 35 152
31 35 155
32 35 159
33 35 164
34 35 168
35 35 168
36 35 168
37 35 167
38 35 165
39 35 163
40 35 160
41 35 158
42 35 155
43 35 153
44 35 150
45 35 148
46 35 148
47 35 148
48 35 148
49 35 148
50 35 147
51 35 146
52 35 146
53 35 145
54 35 143
55 35 142
56 35 141
57 35 140
58 35 139
59 35 138
60 35 136
61 35 134
62 35 132
63 35 131
64 35 128
65 35 126
66 35 124
67 35 122
68 35 120
69 35 118
70 35 116
71 35 114
72 35 113
73 35 113
74 35 112
75 35 111
76 35 108
77 35 107
78 35 106
79 35 105
80 35 104
81 35 102
82 35 100
83 35 99
84 35 99
85 35 99
86 35 99
0 36 110
1 36 116
2 36 121
3 36 127
4 36 132
5 36 136
6 36 140
7 36 144
8 36 148
9 36 154
10 36 160
11 36 166
12 36 171
13 36 176
14 36 180
15 36 184
16 36 189
17 36 190
18 36 191
19 36 191
20 36 191
21 36 183
22 36 176
23 36 170
24 36 166
25 36 163
26 36 159
27 36 156
28 36 154
29 36 155
30 36 155
31 36 158
32 36 161
33 36 165
34 36 170
35 36 167
36 36 166
37 36 165
38 36 163
39 36 161
40 36 158
41 36 155
42 36 152
43 36 150
44 36 146
45 36 145
46 36 145
47 36 145
48 36 146
49 36 146
50 36 144
51 36 145
52 36 145
53 36 144
54 36 142
55 36 141
56 36 140
57 36 140
58 36 140
59 36 140
60 36 138
61 36 136
62 36 134
63 36 131
64 36 128
65 36 125
66 36 123
67 36 121
68 36 119
69 36 117
70 36 115
71 36 113
72 36 112
73 36 111
74 36 111
75 36 110
76 36 108
77 36 106
78 36 105
79 36 102
80 36 100
81 36 100
82 36 99
83 36 99
84 36 99
85 36 98
86 36 98
0 37 110
1 37 115
2 37 121
3 37 127
4 37 132
5 37 136
6 37 140
7 37 144
8 37 148
9 37 151
10 37 157
11 37 162
12 37 169
13 37 174
14 37 178
15 37 181
16 37 186
17 37 188
18 37 190
19 37 191
20 37 190
21 37 184
22 37 177
23 37 172
24 37 168
25 37 165
26 37 162
27 37 159
28 37 158
29 37 158
30 37 159
31 37 161
32 37 166
33 37 167
34 37 169
35 37 166
36 37 164
37 37 163
38 37 161
39 37 159
40 37 156
41 37 153
42 37 149
43 37 146
44 37 142
45 37 142
46 37 141
47 37 142
48 37 143
49 37 143
50 37 143
51 37 143
52 37 144
53 37 142
54 37 141
55 37 140
56 37 140
57 37 140
58 37 140
59 37 140
60 37 140
61 37 138
62 37 134
63 37 131
64 37 128
65 37 125
66 37 123
67 37 120
68 37 117
69 37 116
70 37 114
71 37 112
72 37 110
73 37 109
74 37 108
75 37 107
76 37 106
77 37 105
78 37 102
79 37 101
80 37 100
81 37 99
82 37 99
83 37 99
84 37 98
85 37 98
86 37 97
0 38 110
1 38 114
2 38 120
3 38 126
4 38 131
5 38 136
6 38 140
7 38 143
8 38 146
9 38 149
10 38 154
11 38 159
12 38 166
13 38 171
14 38 177
15 38 180
16 38 182
17 38 186
18 38 190
19 38 190
20 38 190
21 38 185
22 38 179
23 38 174
24 38 171
25 38 168
26 38 166
27 38 163
28 38 164
29 38 163
30 38 166
31 38 169
32 38 170
33 38 170
34 38 168
35 38 164
36 38 162
37 38 161
38 38 158
39 38 155
40 38 153
41 38 150
42 38 147
43 38 143
44 38 139
45 38 139
46 38 139
47 38 139
48 38 140
49 38 141
50 38 141
51 38 142
52 38 142
53 38 141
54 38 140
55 38 140
56 38 140
57 38 140
58 38 140
59 38 140
60 38 140
61 38 137
62 38 134
63 38 131
64 38 128
65 38 125
66 38 122
67 38 119
68 38 116
69 38 114
70 38 112
71 38 110
72 38 109
73 38 109
74 38 108
75 38 107
76 38 105
77 38 100
78 38 100
79 38 100
80 38 99
81 38 99
82 38 99
83 38 98
84 38 98
85 38 97
86 38 97
0 39 110
1 39 112
2 39 118
3 39 124
4 39 130
5 39 135
6 39 139
7 39 142
8 39 145
9 39 148
10 39 151
11 39 157
12 39 163
13 39 169
14 39 172
15 39 176
16 39 179
17 39 183
18 39 187
19 39 190
20 39 190
21 39 186
22 39 180
23 39 177
24 39 175
25 39 173
26 39 170
27 39 169
28 39 169
29 39 170
30 39 171
31 39 172
32 39 170
33 39 170
34 39 167
35 39 163
36 39 160
37 39 157
38 39 154
39 39 152
40 39 149
41 39 147
42 39 144
43 39 140
44 39 137
45 39 137
46 39 136
47 39 137
48 39 138
49 39 138
50 39 139
51 39 140
52 39 141
53 39 140
54 39 140
55 39 140
56 39 140
57 39 140
58 39 140
59 39 140
60 39 140
61 39 138
62 39 134
63 39 131
64 39 128
65 39 124
66 39 121
67 39 118
68 39 115
69 39 112
70 39 110
71 39 109
72 39 108
73 39 107
74 39 106
75 39 105
76 39 100
77 39 100
78 39 100
79 39 99
80 39 99
81 39 99
82 39 98
83 39 98
84 39 98
85 39 97
86 39 97
0 40 108
1 40 110
2 40 116
3 40 122
4 40 128
5 40 133
6 40 137
7 40 141
8 40 143
9 40 146
10 40 149
11 40 154
12 40 161
13 40 165
14 40 168
15 40 172
16 40 175
17 40 180
18 40 184
19 40 188
20 40 189
21 40 187
22 40 182
23 40 178
24 40 176
25 40 176
26 40 175
27 40 173
28 40 174
29 40 173
30 40 175
31 40 174
32 40 173
33 40 171
34 40 168
35 40 161
36 40 157
37 40 154
38 40 150
39 40 148
40 40 145
41 40 143
42 40 141
43 40 138
44 40 135
45 40 135
46 40 134
47 40 135
48 40 135
49 40 136
50 40 136
51 40 137
52 40 138
53 40 139
54 40 140
55 40 140
56 40 140
57 40 140
58 40 140
59 40 140
60 40 140
61 40 139
62 40 135
63 40 130
64 40 126
65 40 123
66 40 120
67 40 117
68 40 114
69 40 111
70 40 109
71 40 108
72 40 107
73 40 106
74 40 105
75 40 100
76 40 100
77 40 100
78 40 99
79 40 99
80 40 98
81 40 98
82 40 98
83 40 98
84 40 97
85 40 97
86 40 96
0 41 108
1 41 110
2 41 114
3 41 120
4 41 126
5 41 129
6 41 134
7 41 139
8 41 142
9 41 144
10 41 146
11 41 152
12 41 158
13 41 161
14 41 164
15 41 168
16 41 171
17 41 175
18 41 181
19 41 184
20 41 186
21 41 186
22 41 183
23 41 179
24 41 178
25 41 178
26 41 177
27 41 175
28 41 178
29 41 177
30 41 177
31 41 176
32 41 175
33 41 173
34 41 168
35 41 162
36 41 156
37 41 153
38 41 149
39 41 145
40 41 142
41 41 140
42 41 138
43 41 136
44 41 133
45 41 132
46 41 132
47 41 132
48 41 134
49 41 134
50 41 134
51 41 134
52 41 135
53 41 136
54 41 137
55 41 138
56 41 140
57 41 140
58 41 140
59 41 140
60 41 139
61 41 137
62 41 133
63 41 127
64 41 123
65 41 120
66 41 118
67 41 115
68 41 112
69 41 108
70 41 108
71 41 106
72 41 106
73 41 105
74 41 100
75 41 100
76 41 100
77 41 98
78 41 98
79 41 98
80 41 98
81 41 98
82 41 98
83 41 97
84 41 96
85 41 96
86 41 96
0 42 108
1 42 110
2 42 112
3 42 117
4 42 122
5 42 126
6 42 129
7 42 135
8 42 139
9 42 141
10 42 144
11 42 149
12 42 153
13 42 156
14 42 160
15 42 165
16 42 168
17 42 171
18 42 177
19 42 181
20 42 184
21 42 185
22 42 182
23 42 180
24 42 180
25 42 179
26 42 178
27 42 178
28 42 180
29 42 179
30 42 179
31 42 178
32 42 176
33 42 173
34 42 168
35 42 163
36 42 157
37 42 152
38 42 148
39 42 143
40 42 139
41 42 137
42 42 135
43 42 133
44 42 131
45 42 130
46 42 130
47 42 131
48 42 132
49 42 132
50 42 132
51 42 131
52 42 132
53 42 132
54 42 133
55 42 134
56 42 136
57 42 137
58 42 137
59 42 137
60 42 136
61 42 134
62 42 131
63 42 124
64 42 121
65 42 118
66 42 116
67 42 114
68 42 111
69 42 109
70 42 107
71 42 106
72 42 105
73 42 100
74 42 100
75 42 100
76 42 97
77 42 97
78 42 97
79 42 97
80 42 97
81 42 97
82 42 97
83 42 96
84 42 96
85 42 96
86 42 96
0 43 107
1 43 109
2 43 111
3 43 116
4 43 119
5 43 122
6 43 125
7 43 130
8 43 135
9 43 137
10 43 140
11 43 144
12 43 148
13 43 152
14 43 156
15 43 161
16 43 165
17 43 168
18 43 172
19 43 177
20 43 181
21 43 184
22 43 181
23 43 181
24 43 181
25 43 180
26 43 180
27 43 180
28 43 180
29 43 180
30 43 180
31 43 178
32 43 178
33 43 173
34 43 168
35 43 163
36 43 158
37 43 152
38 43 146
39 43 141
40 43 138
41 43 136
42 43 134
43 43 132
44 43 130
45 43 129
46 43 128
47 43 128
48 43 130
49 43 130
50 43 130
51 43 129
52 43 128
53 43 129
54 43 129
55 43 130
56 43 132
57 43 133
58 43 133
59 43 134
60 43 134
61 43 132
62 43 128
63 43 122
64 43 119
65 43 116
66 43 114
67 43 112
68 43 108
69 43 106
70 43 105
71 43 105
72 43 100
73 43 100
74 43 100
75 43 97
76 43 97
77 43 97
78 43 97
79 43 97
80 43 97
81 43 97
82 43 96
83 43 96
84 43 96
85 43 96
86 43 95
0 44 107
1 44 108
2 44 110
3 44 113
4 44 115
5 44 118
6 44 121
7 44 126
8 44 131
9 44 134
10 44 137
11 44 140
12 44 143
13 44 148
14 44 152
15 44 157
16 44 162
17 44 165
18 44 169
19 44 173
20 44 177
21 44 181
22 44 181
23 44 181
24 44 180
25 44 181
26 44 181
27 44 181
28 44 180
29 44 180
30 44 180
31 44 178
32 44 176
33 44 170
34 44 167
35 44 163
36 44 158
37 44 152
38 44 145
39 44 140
40 44 137
41 44 134
42 44 132
43 44 130
44 44 129
45 44 127
46 44 127
47 44 126
48 44 127
49 44 128
50 44 128
51 44 126
52 44 125
53 44 125
54 44 125
55 44 123
56 44 126
57 44 128
58 44 129
59 44 130
60 44 130
61 44 125
62 44 124
63 44 119
64 44 116
65 44 114
66 44 112
67 44 110
68 44 107
69 44 106
70 44 105
71 44 100
72 44 100
73 44 100
74 44 96
75 44 96
76 44 96
77 44 96
78 44 96
79 44 96
80 44 96
81 44 96
82 44 96
83 44 96
84 44 96
85 44 95
86 44 95
0 45 108
1 45 109
2 45 110
3 45 111
4 45 114
5 45 116
6 45 118
7 45 122
8 45 127
9 45 130
10 45 133
11 45 136
12 45 140
13 45 144
14 45 148
15 45 153
16 45 157
17 45 161
18 45 165
19 45 169
20 45 173
21 45 177
22 45 180
23 45 180
24 45 180
25 45 180
26 45 181
27 45 180
28 45 180
29 45 180
30 45 179
31 45 178
32 45 173
33 45 168
34 45 165
35 45 161
36 45 156
37 45 149
38 45 143
39 45 139
40 45 136
41 45 133
42 45 130
43 45 129
44 45 128
45 45 126
46 45 126
47 45 125
48 45 125
49 45 125
50 45 125
51 45 124
52 45 122
53 45 121
54 45 120
55 45 120
56 45 120
57 45 120
58 45 121
59 45 122
60 45 123
61 45 122
62 45 120
63 45 117
64 45 114
65 45 111
66 45 108
67 45 106
68 45 105
69 45 100
70 45 100
71 45 100
72 45 100
73 45 96
74 45 96
75 45 96
76 45 96
77 45 96
78 45 96
79 45 96
80 45 96
81 45 96
82 45 96
83 45 96
84 45 95
85 45 95
86 45 95
0 46 108
1 46 109
2 46 110
3 46 110
4 46 112
5 46 115
6 46 116
7 46 118
8 46 122
9 46 125
10 46 129
11 46 133
12 46 137
13 46 140
14 46 144
15 46 149
16 46 152
17 46 157
18 46 161
19 46 165
20 46 169
21 46 173
22 46 176
23 46 179
24 46 179
25 46 180
26 46 180
27 46 180
28 46 178
29 46 178
30 46 176
31 46 175
32 46 171
33 46 165
34 46 163
35 46 160
36 46 153
37 46 148
38 46 143
39 46 139
40 46 135
41 46 132
42 46 129
43 46 128
44 46 127
45 46 125
46 46 124
47 46 124
48 46 123
49 46 123
50 46 122
51 46 122
52 46 120
53 46 118
54 46 117
55 46 118
56 46 115
57 46 117
58 46 118
59 46 118
60 46 119
61 46 117
62 46 116
63 46 115
64 46 112
65 46 109
66 46 107
67 46 105
68 46 100
69 46 100
70 46 100
71 46 100
72 46 97
73 46 96
74 46 96
75 46 96
76 46 96
77 46 96
78 46 96
79 46 96
80 46 96
81 46 96
82 46 96
83 46 95
84 46 95
85 46 95
86 46 95
0 47 108
1 47 109
2 47 110
3 47 110
4 47 110
5 47 113
6 47 114
7 47 116
8 47 119
9 47 122
10 47 126
11 47 131
12 47 134
13 47 138
14 47 141
15 47 145
16 47 149
17 47 152
18 47 156
19 47 160
20 47 164
21 47 169
22 47 171
23 47 174
24 47 177
25 47 175
26 47 178
27 47 179
28 47 177
29 47 175
30 47 174
31 47 172
32 47 168
33 47 163
34 47 160
35 47 157
36 47 151
37 47 147
38 47 143
39 47 138
40 47 133
41 47 130
42 47 128
43 47 125
44 47 125
45 47 124
46 47 123
47 47 122
48 47 121
49 47 121
50 47 120
51 47 120
52 47 118
53 47 116
54 47 115
55 47 111
56 47 110
57 47 110
58 47 110
59 47 110
60 47 113
61 47 114
62 47 113
63 47 112
64 47 110
65 47 107
66 47 105
67 47 102
68 47 100
69 47 100
70 47 100
71 47 98
72 47 97
73 47 96
74 47 96
75 47 96
76 47 96
77 47 96
78 47 96
79 47 96
80 47 96
81 47 96
82 47 96
83 47 95
84 47 95
85 47 95
86 47 94
0 48 108
1 48 109
2 48 109
3 48 110
4 48 110
5 48 111
6 48 112
7 48 114
8 48 117
9 48 120
10 48 124
11 48 128
12 48 131
13 48 135
14 48 138
15 48 142
16 48 145
17 48 149
18 48 152
19 48 155
20 48 158
21 48 163
22 48 166
23 48 167
24 48 170
25 48 173
26 48 175
27 48 175
28 48 175
29 48 173
30 48 171
31 48 169
32 48 164
33 48 160
34 48 156
35 48 153
36 48 149
37 48 144
38 48 140
39 48 136
40 48 131
41 48 129
42 48 126
43 48 124
44 48 123
45 48 123
46 48 122
47 48 121
48 48 120
49 48 120
50 48 120
51 48 119
52 48 117
53 48 115
54 48 111
55 48 110
56 48 110
57 48 110
58 48 110
59 48 110
60 48 109
61 48 109
62 48 110
63 48 109
64 48 108
65 48 106
66 48 103
67 48 101
68 48 100
69 48 100
70 48 100
71 48 98
72 48 97
73 48 96
74 48 96
75 48 96
76 48 96
77 48 96
78 48 96
79 48 96
80 48 96
81 48 96
82 48 95
83 48 95
84 48 95
85 48 95
86 48 94
0 49 108
1 49 108
2 49 109
3 49 109
4 49 110
5 49 110
6 49 110
7 49 112
8 49 115
9 49 118
10 49 121
11 49 125
12 49 128
13 49 131
14 49 134
15 49 138
16 49 141
17 49 145
18 49 147
19 49 149
20 49 152
21 49 157
22 49 160
23 49 161
24 49 163
25 49 166
26 49 169
27 49 170
28 49 170
29 49 171
30 49 168
31 49 162
32 49 158
33 49 155
34 49 152
35 49 148
36 49 144
37 49 140
38 49 136
39 49 132
40 49 129
41 49 127
42 49 124
43 49 122
44 49 121
45 49 120
46 49 120
47 49 120
48 49 120
49 49 120
50 49 119
51 49 117
52 49 115
53 49 113
54 49 110
55 49 110
56 49 110
57 49 110
58 49 109
59 49 108
60 49 108
61 49 107
62 49 107
63 49 106
64 49 105
65 49 104
66 49 102
67 49 100
68 49 100
69 49 100
70 49 99
71 49 98
72 49 97
73 49 96
74 49 96
75 49 96
76 49 96
77 49 96
78 49 96
79 49 96
80 49 96
81 49 96
82 49 95
83 49 95
84 49 95
85 49 94
86 49 94
0 50 107
1 50 108
2 50 109
3 50 109
4 50 110
5 50 110
6 50 110
7 50 112
8 50 115
9 50 117
10 50 119
11 50 122
12 50 125
13 50 127
14 50 130
15 50 133
16 50 137
17 50 141
18 50 143
19 50 145
20 50 148
21 50 149
22 50 152
23 50 155
24 50 157
25 50 159
26 50 160
27 50 160
28 50 161
29 50 162
30 50 159
31 50 156
32 50 153
33 50 149
34 50 146
35 50 142
36 50 139
37 50 134
38 50 130
39 50 128
40 50 126
41 50 125
42 50 122
43 50 120
44 50 120
45 50 120
46 50 119
47 50 119
48 50 119
49 50 118
50 50 117
51 50 115
52 50 113
53 50 111
54 50 110
55 50 110
56 50 109
57 50 108
58 50 107
59 50 106
60 50 106
61 50 105
62 50 104
63 50 104
64 50 103
65 50 102
66 50 100
67 50 100
68 50 100
69 50 99
70 50 99
71 50 98
72 50 97
73 50 96
74 50 96
75 50 96
76 50 96
77 50 96
78 50 96
79 50 96
80 50 96
81 50 95
82 50 95
83 50 95
84 50 95
85 50 94
86 50 94
0 51 107
1 51 108
2 51 109
3 51 109
4 51 110
5 51 110
6 51 110
7 51 113
8 51 115
9 51 117
10 51 118
11 51 119
12 51 120
13 51 123
14 51 126
15 51 129
16 51 131
17 51 134
18 51 139
19 51 142
20 51 144
21 51 145
22 51 147
23 51 148
24 51 150
25 51 152
26 51 154
27 51 154
28 51 153
29 51 154
30 51 151
31 51 149
32 51 146
33 51 143
34 51 140
35 51 136
36 51 130
37 51 128
38 51 126
39 51 124
40 51 122
41 51 121
42 51 120
43 51 119
44 51 118
45 51 117
46 51 117
47 51 117
48 51 116
49 51 116
50 51 115
51 51 113
52 51 112
53 51 110
54 51 109
55 51 108
56 51 107
57 51 106
58 51 106
59 51 105
60 51 104
61 51 103
62 51 102
63 51 101
64 51 101
65 51 100
66 51 100
67 51 100
68 51 100
69 51 99
70 51 99
71 51 98
72 51 97
73 51 96
74 51 96
75 51 96
76 51 96
77 51 96
78 51 96
79 51 96
80 51 96
81 51 95
82 51 95
83 51 95
84 51 94
85 51 94
86 51 94
0 52 107
1 52 108
2 52 108
3 52 109
4 52 109
5 52 110
6 52 111
7 52 112
8 52 114
9 52 115
10 52 116
11 52 117
12 52 118
13 52 119
14 52 121
15 52 125
16 52 125
17 52 127
18 52 131
19 52 136
20 52 140
21 52 141
22 52 142
23 52 144
24 52 144
25 52 145
26 52 148
27 52 149
28 52 148
29 52 147
30 52 146
31 52 144
32 52 140
33 52 138
34 52 136
35 52 130
36 52 127
37 52 125
38 52 123
39 52 121
40 52 119
41 52 118
42 52 117
43 52 117
44 52 116
45 52 116
46 52 116
47 52 115
48 52 114
49 52 113
50 52 113
51 52 111
52 52 110
53 52 109
54 52 108
55 52 107
56 52 106
57 52 105
58 52 105
59 52 103
60 52 103
61 52 102
62 52 102
63 52 102
64 52 103
65 52 101
66 52 100
67 52 100
68 52 100
69 52 99
70 52 98
71 52 98
72 52 97
73 52 96
74 52 96
75 52 96
76 52 96
77 52 96
78 52 96
79 52 96
80 52 96
81 52 95
82 52 95
83 52 95
84 52 94
85 52 94
86 52 94
0 53 107
1 53 107
2 53 108
3 53 108
4 53 109
5 53 109
6 53 110
7 53 110
8 53 112
9 53 113
10 53 114
11 53 115
12 53 116
13 53 117
14 53 117
15 53 120
16 53 120
17 53 121
18 53 123
19 53 129
20 53 134
21 53 136
22 53 138
23 53 139
24 53 139
25 53 139
26 53 140
27 53 142
28 53 142
29 53 141
30 53 141
31 53 140
32 53 137
33 53 134
34 53 131
35 53 127
36 53 124
37 53 122
38 53 120
39 53 118
40 53 117
41 53 115
42 53 113
43 53 114
44 53 113
45 53 114
46 53 114
47 53 113
48 53 112
49 53 111
50 53 110
51 53 110
52 53 109
53 53 108
54 53 107
55 53 106
56 53 105
57 53 105
58 53 105
59 53 104
60 53 104
61 53 104
62 53 103
63 53 103
64 53 103
65 53 101
66 53 100
67 53 100
68 53 99
69 53 99
70 53 98
71 53 97
72 53 96
73 53 96
74 53 96
75 53 96
76 53 96
77 53 96
78 53 96
79 53 96
80 53 96
81 53 95
82 53 95
83 53 94
84 53 94
85 53 94
86 53 94
0 54 106
1 54 107
2 54 107
3 54 108
4 54 108
5 54 108
6 54 109
7 54 110
8 54 110
9 54 111
10 54 112
11 54 113
12 54 114
13 54 115
14 54 114
15 54 115
16 54 116
17 54 116
18 54 119
19 54 123
20 54 125
21 54 130
22 54 133
23 54 134
24 54 134
25 54 134
26 54 134
27 54 135
28 54 135
29 54 136
30 54 135
31 54 134
32 54 132
33 54 130
34 54 128
35 54 124
36 54 121
37 54 119
38 54 118
39 54 116
40 54 114
41 54 112
42 54 111
43 54 111
44 54 111
45 54 112
46 54 112
47 54 111
48 54 110
49 54 110
50 54 110
51 54 109
52 54 108
53 54 108
54 54 107
55 54 108
56 54 107
57 54 106
58 54 105
59 54 104
60 54 104
61 54 104
62 54 103
63 54 103
64 54 103
65 54 102
66 54 101
67 54 100
68 54 99
69 54 99
70 54 98
71 54 97
72 54 96
73 54 96
74 54 96
75 54 96
76 54 96
77 54 96
78 54 96
79 54 96
80 54 95
81 54 95
82 54 95
83 54 94
84 54 94
85 54 94
86 54 94
0 55 106
1 55 106
2 55 107
3 55 107
4 55 107
5 55 108
6 55 109
7 55 109
8 55 110
9 55 110
10 55 111
11 55 111
12 55 112
13 55 113
14 55 112
15 55 111
16 55 111
17 55 112
18 55 115
19 55 118
20 55 118
21 55 119
22 55 126
23 55 128
24 55 128
25 55 127
26 55 128
27 55 128
28 55 129
29 55 130
30 55 129
31 55 128
32 55 127
33 55 125
34 55 122
35 55 120
36 55 118
37 55 117
38 55 115
39 55 114
40 55 112
41 55 110
42 55 110
43 55 110
44 55 110
45 55 110
46 55 111
47 55 110
48 55 110
49 55 110
50 55 109
51 55 109
52 55 108
53 55 107
54 55 106
55 55 105
56 55 105
57 55 105
58 55 104
59 55 104
60 55 104
61 55 103
62 55 103
63 55 102
64 55 102
65 55 102
66 55 101
67 55 100
68 55 99
69 55 99
70 55 98
71 55 97
72 55 96
73 55 96
74 55 96
75 55 96
76 55 96
77 55 96
78 55 96
79 55 96
80 55 95
81 55 95
82 55 94
83 55 94
84 55 94
85 55 94
86 55 94
0 56 105
1 56 106
2 56 106
3 56 107
4 56 107
5 56 108
6 56 108
7 56 109
8 56 109
9 56 110
10 56 110
11 56 110
12 56 110
13 56 111
14 56 110
15 56 110
16 56 110
17 56 110
18 56 111
19 56 114
20 56 115
21 56 116
22 56 121
23 56 121
24 56 121
25 56 121
26 56 121
27 56 122
28 56 123
29 56 124
30 56 124
31 56 123
32 56 121
33 56 119
34 56 118
35 56 117
36 56 115
37 56 114
38 56 112
39 56 111
40 56 110
41 56 110
42 56 110
43 56 110
44 56 110
45 56 110
46 56 109
47 56 109
48 56 108
49 56 109
50 56 107
51 56 107
52 56 106
53 56 106
54 56 105
55 56 105
56 56 104
57 56 104
58 56 104
59 56 104
60 56 103
61 56 103
62 56 102
63 56 102
64 56 102
65 56 101
66 56 100
67 56 100
68 56 99
69 56 99
70 56 98
71 56 97
72 56 96
73 56 96
74 56 96
75 56 96
76 56 96
77 56 96
78 56 96
79 56 96
80 56 95
81 56 95
82 56 94
83 56 94
84 56 94
85 56 94
86 56 94
0 57 105
1 57 105
2 57 106
3 57 106
4 57 107
5 57 107
6 57 108
7 57 108
8 57 109
9 57 109
10 57 109
11 57 109
12 57 109
13 57 110
14 57 110
15 57 110
16 57 110
17 57 110
18 57 110
19 57 110
20 57 111
21 57 112
22 57 115
23 57 115
24 57 115
25 57 115
26 57 115
27 57 116
28 57 116
29 57 117
30 57 119
31 57 118
32 57 117
33 57 116
34 57 114
35 57 113
36 57 112
37 57 110
38 57 110
39 57 110
40 57 110
41 57 110
42 57 110
43 57 109
44 57 109
45 57 108
46 57 107
47 57 106
48 57 106
49 57 106
50 57 106
51 57 106
52 57 105
53 57 105
54 57 105
55 57 104
56 57 104
57 57 104
58 57 103
59 57 103
60 57 103
61 57 102
62 57 102
63 57 102
64 57 101
65 57 100
66 57 100
67 57 99
68 57 99
69 57 98
70 57 97
71 57 97
72 57 96
73 57 96
74 57 96
75 57 96
76 57 96
77 57 96
78 57 96
79 57 96
80 57 95
81 57 95
82 57 94
83 57 94
84 57 94
85 57 94
86 57 94
0 58 104
1 58 105
2 58 105
3 58 106
4 58 106
5 58 107
6 58 107
7 58 108
8 58 108
9 58 108
10 58 108
11 58 108
12 58 108
13 58 108
14 58 108
15 58 108
16 58 108
17 58 108
18 58 108
19 58 108
20 58 110
21 58 110
22 58 110
23 58 110
24 58 110
25 58 110
26 58 110
27 58 111
28 58 113
29 58 115
30 58 116
31 58 115
32 58 113
33 58 112
34 58 110
35 58 110
36 58 110
37 58 110
38 58 110
39 58 110
40 58 109
41 58 108
42 58 108
43 58 108
44 58 108
45 58 107
46 58 106
47 58 105
48 58 105
49 58 105
50 58 105
51 58 105
52 58 105
53 58 104
54 58 104
55 58 104
56 58 104
57 58 103
58 58 103
59 58 103
60 58 102
61 58 102
62 58 102
63 58 101
64 58 100
65 58 100
66 58 100
67 58 99
68 58 99
69 58 98
70 58 97
71 58 97
72 58 96
73 58 96
74 58 96
75 58 96
76 58 96
77 58 96
78 58 96
79 58 96
80 58 95
81 58 95
82 58 94
83 58 94
84 58 94
85 58 94
86 58 94
0 59 104
1 59 104
2 59 105
3 59 105
4 59 106
5 59 106
6 59 107
7 59 107
8 59 107
9 59 107
10 59 107
11 59 107
12 59 107
13 59 106
14 59 106
15 59 106
16 59 106
17 59 106
18 59 106
19 59 108
20 59 108
21 59 108
22 59 106
23 59 106
24 59 108
25 59 109
26 59 110
27 59 110
28 59 112
29 59 112
30 59 113
31 59 112
32 59 111
33 59 110
34 59 110
35 59 110
36 59 110
37 59 109
38 59 109
39 59 109
40 59 108
41 59 107
42 59 107
43 59 107
44 59 107
45 59 106
46 59 106
47 59 105
48 59 104
49 59 104
50 59 104
51 59 104
52 59 104
53 59 104
54 59 104
55 59 103
56 59 103
57 59 103
58 59 103
59 59 102
60 59 102
61 59 101
62 59 101
63 59 100
64 59 100
65 59 100
66 59 100
67 59 99
68 59 99
69 59 98
70 59 97
71 59 97
72 59 96
73 59 96
74 59 96
75 59 96
76 59 96
77 59 96
78 59 96
79 59 95
80 59 95
81 59 95
82 59 94
83 59 94
84 59 94
85 59 94
86 59 94
0 60 103
1 60 104
2 60 104
3 60 105
4 60 105
5 60 106
6 60 106
7 60 106
8 60 107
9 60 107
10 60 106
11 60 106
12 60 105
13 60 105
14 60 104
15 60 104
16 60 104
17 60 104
18 60 105
19 60 107
20 60 107
21 60 106
22 60 105
23 60 105
24 60 107
25 60 108
26 60 109
27 60 110
28 60 110
29 60 110
30 60 110
31 60 110
32 60 110
33 60 109
34 60 109
35 60 109
36 60 109
37 60 109
38 60 109
39 60 108
40 60 107
41 60 107
42 60 107
43 60 107
44 60 106
45 60 106
46 60 105
47 60 104
48 60 104
49 60 104
50 60 104
51 60 104
52 60 104
53 60 104
54 60 103
55 60 103
56 60 103
57 60 103
58 60 102
59 60 102
60 60 101
61 60 101
62 60 100
63 60 100
64 60 100
65 60 100
66 60 100
67 60 99
68 60 98
69 60 97
70 60 97
71 60 96
72 60 96
73 60 96
74 60 96
75 60 96
76 60 96
77 60 96
78 60 95
79 60 95
80 60 95
81 60 94
82 60 94
83 60 94
84 60 94
85 60 94
86 60 94
